
Layer 0

Layer 1<tf.Variable 'dense/kernel:0' shape=(128, 8) dtype=float32, numpy=
array([[-2.40210697e-01, -4.86640781e-01, -1.00830309e-01,
        -3.73684764e-02,  1.78168416e-01,  3.71275038e-01,
         8.26278403e-02, -2.09608600e-01],
       [ 6.70495164e-03,  7.84694031e-03,  5.98316677e-02,
         1.77744344e-01, -5.52972779e-03, -2.02884004e-01,
         9.81545448e-02, -1.38467029e-01],
       [-5.02683967e-02,  6.66030273e-02, -3.55103519e-03,
         3.85961719e-02, -2.01595947e-02, -1.23375431e-01,
         1.52029485e-01, -8.25586170e-02],
       [-1.55035123e-01,  6.26956820e-02,  6.54607406e-03,
         1.74042404e-01,  1.02194101e-01,  1.72867591e-03,
        -2.44731624e-02,  1.25416487e-01],
       [ 5.43563552e-02, -1.04603492e-01,  8.42229128e-02,
        -6.46208823e-02,  2.04014122e-01, -6.29555583e-02,
        -3.05392500e-02,  1.28432840e-01],
       [-6.38459064e-03, -4.00158241e-02,  2.01183036e-01,
         1.58986971e-01, -1.26727656e-01,  5.13242260e-02,
         6.49368837e-02,  6.80476278e-02],
       [ 1.91554036e-02,  1.16373422e-02,  2.61382192e-01,
        -1.53223544e-01, -2.64309701e-02,  1.37623921e-02,
        -8.48558471e-02, -1.63363472e-01],
       [-3.21438015e-02, -4.00492162e-01,  1.34503976e-01,
         3.26707810e-01,  3.37683529e-01,  4.23802622e-02,
         2.23186255e-01, -3.68260562e-01],
       [-9.35419500e-02,  3.33294808e-03,  1.56061962e-01,
         1.95594683e-01,  5.74726611e-02, -1.44198984e-01,
         1.63824931e-01,  1.11878395e-01],
       [ 2.46351764e-01, -5.69676422e-02,  5.63659705e-02,
        -4.11446616e-02, -2.52627451e-02, -1.80974677e-01,
        -4.50360626e-02,  9.38831121e-02],
       [ 1.56741247e-01, -1.15495659e-01,  1.76789865e-01,
        -1.41163275e-01,  5.94216064e-02, -5.02706319e-02,
         5.14524579e-02,  5.10491021e-02],
       [-1.01481974e-01,  9.57213715e-02,  1.77565892e-03,
        -5.84593304e-02, -1.30723909e-01,  8.43628049e-02,
        -1.94700480e-01, -1.11520842e-01],
       [-4.38425727e-02, -8.72657746e-02, -4.72045392e-02,
        -7.23560015e-03, -1.55963480e-01,  3.46946977e-02,
        -1.31615371e-01, -1.23677431e-02],
       [-9.36794933e-03, -1.43408850e-01,  2.01138467e-01,
        -2.51541659e-02,  1.70785904e-01, -1.49132192e-01,
         3.36318724e-02,  1.82454109e-01],
       [ 2.22771219e-03, -6.24086261e-02, -4.52743005e-03,
         1.94136918e-01, -1.24515235e-01, -3.47751111e-01,
        -9.74236801e-02,  8.17362070e-02],
       [ 4.99188304e-02, -6.85193241e-02, -1.00388013e-01,
        -1.43117577e-01,  1.29316613e-01, -1.37674019e-01,
         1.21022925e-01, -8.14675465e-02],
       [ 1.47357345e-01, -7.62992352e-03, -1.10641107e-01,
        -2.15986129e-02,  3.06684524e-01,  8.42135549e-02,
        -1.07544720e-01,  9.81623158e-02],
       [-2.71209963e-02,  1.07999602e-02, -1.20520275e-02,
         1.23339057e-01, -1.72441393e-01,  8.10360387e-02,
         1.03231512e-01,  2.05503076e-01],
       [-1.47774100e-01,  6.61292374e-02,  1.92754373e-01,
         1.39642581e-01, -6.16918057e-02,  9.93926674e-02,
        -1.65794313e-01,  5.80219105e-02],
       [ 3.85693908e-02,  1.28301322e-01, -1.03147358e-01,
         1.02087647e-01, -1.60917133e-01,  9.09039155e-02,
        -4.26433235e-02, -7.40401596e-02],
       [-1.60005569e-01,  9.45722088e-02,  3.03106178e-02,
         5.73142394e-02, -4.65096235e-02,  5.81590347e-02,
        -6.43274486e-02, -1.11386999e-02],
       [ 7.41833374e-02, -5.07718138e-02, -9.75212455e-02,
         1.20900966e-01,  3.50686163e-02, -3.50411572e-02,
        -1.89875260e-01, -4.06713709e-02],
       [-1.04787156e-01,  9.36239660e-02,  1.08566158e-01,
         1.38648435e-01,  6.12028129e-02, -1.48602054e-01,
        -2.97610499e-02, -1.03206173e-01],
       [ 2.41364911e-01,  1.26177678e-02, -1.94925651e-01,
         2.00341374e-01, -7.44138807e-02, -5.38744368e-02,
         5.37691601e-02, -6.29120842e-02],
       [-3.96246128e-02,  8.76700431e-02,  2.65026256e-03,
        -2.64733229e-02,  2.14760359e-02, -1.30785793e-01,
         1.50999874e-01, -1.70977846e-01],
       [-1.37051970e-01, -7.95279071e-02,  5.16126864e-02,
        -1.28910199e-01,  9.27143171e-02, -1.59074813e-01,
        -9.03478917e-03, -3.10055297e-02],
       [-1.46439388e-01, -2.54039429e-02,  2.51749102e-02,
        -8.80071297e-02, -6.96475059e-02, -2.55604964e-02,
        -2.14167275e-02, -9.01936814e-02],
       [-1.69878602e-01,  1.04786947e-01,  8.05732608e-02,
        -4.55612130e-02, -9.81555954e-02, -1.59989178e-01,
         2.88630314e-02,  5.73874414e-02],
       [-6.05551787e-02, -4.92404327e-02, -6.03061616e-02,
        -1.13249414e-01, -5.17774820e-02,  9.96553004e-02,
         9.40719098e-02,  1.57963216e-01],
       [ 4.06073146e-02, -4.85653654e-02, -8.35650638e-02,
         7.70927295e-02, -1.91635609e-01, -1.71334580e-01,
         1.14311337e-01, -1.38507172e-01],
       [ 9.87183228e-02, -1.43722653e-01, -1.11742742e-01,
        -1.03227524e-02, -1.07510477e-01, -1.41536683e-01,
         1.06127195e-01, -2.39091199e-02],
       [-7.54982308e-02, -9.87387747e-02,  1.76646218e-01,
         5.46514355e-02, -1.95672318e-01,  1.03163965e-01,
        -1.59428626e-01,  5.75887263e-02],
       [-1.01459965e-01, -1.02668904e-01,  2.11811680e-02,
         1.02583900e-01, -1.11138634e-01, -9.74973142e-02,
        -1.46841124e-01, -9.44235995e-02],
       [ 9.72262770e-02,  7.86884427e-02, -1.82186007e-01,
         1.47791743e-01, -2.56355666e-02,  3.43347620e-03,
         6.87541217e-02,  8.39940682e-02],
       [-2.00656131e-01, -1.05889589e-01, -1.29836500e-01,
        -8.78217965e-02, -5.27857877e-02, -1.75576746e-01,
         4.36435901e-02, -5.48632368e-02],
       [-5.42381927e-02,  1.29625564e-02, -2.87148878e-02,
        -5.42516373e-02,  1.04791172e-01,  1.20047286e-01,
         1.04307784e-02,  1.62732154e-01],
       [ 6.60929084e-02,  1.63231373e-01, -3.59538794e-02,
         2.04448506e-01,  2.08357647e-01,  1.12731159e-01,
        -1.25196785e-01,  7.65060857e-02],
       [-2.75010727e-02, -4.84263934e-02,  2.31545083e-02,
        -6.20552339e-02,  5.77442273e-02,  3.96622717e-02,
        -1.10545315e-01,  6.96401894e-02],
       [ 5.24201393e-02,  5.77772744e-02,  6.78080320e-02,
        -6.12063780e-02, -3.82990725e-02,  2.21054088e-02,
         1.87358502e-02, -9.03944820e-02],
       [-1.37210727e-01,  3.26770283e-02, -1.66633755e-01,
        -9.64013487e-02,  2.26640124e-02, -6.55101687e-02,
         1.78744525e-01,  1.23399887e-02],
       [ 1.73701406e-01, -1.25310287e-01, -8.60157982e-02,
        -7.37218261e-02,  7.59061277e-02,  1.26935780e-01,
        -1.41595468e-01,  1.41041562e-01],
       [-6.32726261e-03,  8.81743878e-02, -1.79153547e-01,
        -9.64961872e-02, -7.50000647e-04,  1.95182748e-02,
         1.04019076e-01, -2.52687484e-02],
       [-4.66479212e-02,  3.09111755e-02, -6.76848069e-02,
         1.69582531e-01, -1.15935512e-01,  9.04327445e-03,
        -2.44345162e-02,  9.17264819e-03],
       [ 1.15195125e-01, -1.37030616e-01,  1.54571533e-01,
         1.70946911e-01, -2.21556406e-02,  3.83503698e-02,
        -1.26276761e-01,  1.55796498e-01],
       [-7.46348053e-02, -1.52439088e-01,  2.63839252e-02,
        -7.35626370e-02, -7.45035382e-03, -1.09768920e-01,
         6.48243278e-02,  1.07517719e-01],
       [-1.07275881e-01, -1.12321913e-01,  6.10070676e-02,
        -1.07443959e-01,  5.13537601e-02, -3.62617448e-02,
        -9.63749588e-02, -1.13459975e-02],
       [-1.03876695e-01, -1.03727281e-01,  1.12391002e-01,
         2.21734911e-01,  1.35505751e-01, -1.83896169e-01,
        -5.93295060e-02,  1.69022992e-01],
       [ 2.07046494e-02, -7.88967684e-02, -3.40519659e-02,
         1.36856645e-01,  1.43173888e-01, -1.61306351e-01,
        -9.75611508e-02, -1.12294815e-01],
       [ 5.09112552e-02,  7.26385266e-02,  1.82721138e-01,
         1.50416672e-01,  1.58902869e-01,  8.55758116e-02,
        -8.57002437e-02,  7.80709758e-02],
       [ 1.74181879e-01,  1.15785031e-02, -5.91030568e-02,
        -3.98490541e-02,  1.00107096e-01, -1.82904467e-01,
        -4.32911552e-02,  2.03507140e-01],
       [-1.15148118e-03, -3.19354758e-02,  1.33232459e-01,
        -1.00063547e-01, -5.53427376e-02, -1.37574539e-01,
        -2.78788041e-02, -1.34744152e-01],
       [ 7.85911679e-02,  3.28748040e-02,  1.67279884e-01,
         1.47817791e-01, -3.93474698e-02,  1.15243040e-01,
        -2.30747461e-01, -1.07288081e-02],
       [ 2.68810969e-02,  7.41508454e-02, -1.29501596e-01,
        -1.74105633e-02,  6.59903809e-02, -9.18214321e-02,
         1.10370800e-01, -1.84052940e-02],
       [ 9.99611393e-02, -1.26146227e-01, -4.97855917e-02,
         2.90091913e-02,  1.52111635e-01, -4.77551781e-02,
        -6.83141649e-02,  1.37493044e-01],
       [ 2.38759056e-01, -8.16502795e-02, -2.26183057e-01,
        -1.35460377e-01, -3.50691262e-03, -1.55345410e-01,
        -1.35093704e-01,  1.05322257e-01],
       [ 7.84870237e-02, -2.50175651e-02,  2.17065960e-01,
         9.27012265e-02,  1.27288969e-02, -2.20901564e-01,
         3.99323972e-03, -1.51042536e-01],
       [-3.75250876e-02, -4.76496845e-01, -1.49958462e-01,
         7.06910416e-02,  2.56857723e-01,  2.01515451e-01,
         9.07465741e-02, -3.45954746e-01],
       [ 5.68134487e-02, -9.31954756e-02, -8.40288922e-02,
         4.58034873e-02,  1.96187496e-01, -1.75154090e-01,
        -9.96832326e-02,  7.33399987e-02],
       [ 7.69808739e-02,  8.42209309e-02, -1.36164606e-01,
         1.41146302e-01,  2.10895967e-02, -6.18609115e-02,
         1.67565331e-01, -1.29634038e-01],
       [-9.04485360e-02, -1.97816759e-01,  3.65795493e-02,
         8.19721743e-02, -1.80399418e-01, -1.02316719e-02,
        -6.76798522e-02,  1.30175665e-01],
       [ 1.13279283e-01,  5.00546163e-03,  5.60102761e-02,
        -4.31177132e-02, -2.68684514e-02,  4.95516621e-02,
         1.07269511e-01, -2.97239032e-02],
       [ 4.48134504e-02, -1.28468303e-02,  3.29686254e-02,
         5.70084192e-02, -1.00124650e-01,  3.70217822e-02,
        -2.73390580e-03, -1.32305883e-02],
       [-9.68358759e-03, -8.64597112e-02,  4.17988710e-02,
        -1.04533724e-01,  1.82568982e-01,  3.39219347e-03,
        -1.99643355e-02,  7.38863572e-02],
       [-1.26371339e-01, -2.92756975e-01,  9.85882804e-02,
         3.07394505e-01,  3.32752526e-01,  1.94992393e-01,
         2.56820947e-01, -3.32878500e-01],
       [ 2.57176548e-01,  4.48327541e-01,  1.80756360e-01,
        -3.58909905e-01, -3.40586215e-01, -1.10569276e-01,
        -1.41984420e-02,  2.37040743e-01],
       [ 5.27930446e-03, -7.04410821e-02,  2.99488276e-01,
         5.77018149e-02,  6.59882128e-02, -1.21548511e-01,
         4.20587599e-01,  6.92199841e-02],
       [-6.64330423e-02,  1.12150557e-01, -6.06924444e-02,
        -6.80382326e-02, -3.10918409e-02, -7.63425827e-02,
         1.10795826e-01, -1.17935784e-01],
       [-7.69039020e-02, -2.34125033e-02,  3.92620228e-02,
         8.03866386e-02, -1.67714313e-01, -1.94223940e-01,
         1.41363278e-01, -9.38890725e-02],
       [ 9.35103372e-02, -1.20491430e-01, -8.04740638e-02,
        -1.69535339e-01, -9.51369479e-03, -5.05165569e-02,
         1.01141073e-01, -5.05582392e-02],
       [-5.55519015e-02,  7.15948362e-03,  1.60109282e-01,
        -3.09308097e-02, -3.00136767e-02,  1.80029147e-03,
        -1.99549161e-02,  1.19205102e-01],
       [ 5.00672683e-02, -3.13822478e-02,  1.68432117e-01,
         7.24297166e-02, -7.25042000e-02, -1.05243646e-01,
         3.28078300e-01,  3.52877006e-02],
       [ 4.21397239e-01,  4.25483733e-01,  2.31514633e-01,
        -2.16699332e-01, -9.71499085e-02, -2.78594077e-01,
         1.83761746e-01,  3.32886845e-01],
       [-1.71304457e-02,  8.33760872e-02,  2.16298714e-01,
         8.71567279e-02,  2.35214040e-01, -1.30130082e-01,
         3.32301289e-01,  5.59004806e-02],
       [ 7.38319382e-03, -2.05703020e-01,  1.68795854e-01,
        -7.38215372e-02,  2.47707553e-02, -4.74995673e-02,
         4.93508756e-01, -2.29969963e-01],
       [ 2.16980442e-01,  9.16046649e-03,  1.69694275e-01,
        -1.53136566e-01, -8.79519805e-02,  1.07563667e-01,
         1.28870293e-01, -8.42468143e-02],
       [-1.60967454e-01,  1.23782739e-01,  1.89992025e-01,
         1.73533033e-03, -7.43705928e-02,  2.41016522e-01,
         1.14376901e-03,  1.15664460e-01],
       [-1.15685858e-01,  1.72395349e-01, -3.88008952e-02,
         8.18686560e-02, -1.24486834e-02, -5.81169501e-02,
         1.60920411e-01, -1.46194547e-01],
       [-1.07962459e-01,  3.78251225e-02,  3.00043020e-02,
        -1.54372426e-02,  1.00285523e-01,  8.86048377e-03,
         1.37015790e-01,  9.77623388e-02],
       [ 7.69285336e-02, -1.72361419e-01,  9.51812640e-02,
        -1.74912900e-01,  1.05824903e-01,  1.31258383e-01,
         3.12950253e-01, -1.76939845e-01],
       [ 1.44747451e-01, -2.84988247e-02,  6.64672852e-02,
        -1.05496734e-01,  2.47686818e-01, -2.08992492e-02,
         1.52019560e-01,  1.97228342e-02],
       [-3.17899659e-02,  3.43657024e-02, -1.11315340e-01,
        -1.51652709e-01,  1.00864461e-02, -9.94747207e-02,
         5.65361045e-02, -7.46383369e-02],
       [-6.96750060e-02,  1.20380662e-01, -7.42866099e-02,
         1.65175170e-01, -9.50165540e-02,  1.12404348e-02,
        -8.63551050e-02, -1.53836712e-01],
       [ 7.46554211e-02,  2.93502547e-02,  2.88058240e-02,
        -5.90219721e-02,  2.92649977e-02,  1.68264553e-01,
        -9.56043452e-02,  8.64297450e-02],
       [-1.65745184e-01,  1.44119114e-01,  6.08654954e-02,
        -2.56690718e-02,  1.16168510e-03,  1.19189315e-01,
        -9.00202766e-02, -5.59938885e-02],
       [ 7.03184828e-02,  1.19238950e-01,  1.40870273e-01,
         1.46306753e-01, -9.04181749e-02,  5.99666871e-02,
         7.56289810e-02,  2.05503106e-02],
       [-1.28232703e-01, -3.90837565e-02, -1.52556011e-02,
         1.13641888e-01, -1.68114856e-01, -6.53501526e-02,
         1.05589397e-01,  7.85854552e-03],
       [-7.44975209e-02,  3.74762379e-02, -9.95430499e-02,
         1.26554564e-01,  1.81654230e-01, -4.22451533e-02,
         4.07718234e-02,  7.68980905e-02],
       [ 7.41215497e-02, -5.64344451e-02,  1.00488914e-02,
         9.92310494e-02, -1.31930083e-01, -1.55729041e-01,
         9.04779434e-02, -6.13135658e-02],
       [-3.33494022e-02,  7.50457449e-03,  1.14045709e-01,
        -4.58053909e-02, -1.86586440e-01,  3.93438432e-03,
         4.67378795e-02, -1.63951144e-01],
       [ 1.12274781e-01, -8.18499178e-03, -1.08067572e-01,
        -1.49489999e-01,  5.35716228e-02,  8.60152021e-02,
         6.95394650e-02, -1.79772172e-02],
       [ 2.29330380e-02, -1.35769770e-02,  1.13698028e-01,
        -1.77510142e-01, -3.04201115e-02,  1.55114576e-01,
        -1.01068348e-01,  3.22605558e-02],
       [ 1.02171503e-01,  1.19913243e-01, -2.09800124e-01,
        -1.65988859e-02, -6.31491467e-02, -1.76753506e-01,
         1.08826160e-01, -6.02832176e-02],
       [-2.16177583e-01,  5.28825112e-02, -6.48833066e-02,
        -8.35013017e-02,  1.35317743e-02, -3.10049672e-03,
         1.99697852e-01,  8.44307169e-02],
       [-6.81095570e-02,  7.01029599e-02,  6.73867837e-02,
        -5.08550182e-02,  1.33783787e-01, -9.56415981e-02,
        -2.42918562e-02, -1.33462399e-01],
       [-1.44835994e-01,  1.14849061e-01, -8.69656727e-02,
        -1.69441655e-01,  6.23807646e-02,  1.08897746e-01,
        -1.06655940e-01, -1.12633534e-01],
       [ 1.00427762e-01,  5.17335273e-02, -2.58702524e-02,
         1.51567131e-01,  9.92182195e-02, -1.63516834e-01,
         2.03847006e-01,  3.24836560e-02],
       [ 1.65407017e-01,  2.60700230e-02,  1.03559894e-02,
        -4.86908816e-02,  7.77163506e-02, -3.56526137e-03,
        -4.05058414e-02, -4.00429443e-02],
       [-8.31264257e-02,  5.13056703e-02, -1.93375498e-01,
        -1.69062898e-01,  1.54596135e-01,  1.22877166e-01,
         1.82051718e-01,  1.76306874e-01],
       [ 1.10215455e-01,  8.26048478e-03, -2.05800638e-01,
        -3.73493172e-02,  4.11031619e-02, -7.27237463e-02,
        -1.99506283e-02, -1.68381691e-01],
       [ 2.71361973e-02,  1.13100573e-01,  9.10772905e-02,
         7.50660151e-02, -9.95924026e-02,  6.56029955e-02,
        -1.01627633e-01, -2.24962279e-01],
       [-8.55954736e-02,  1.99860007e-01, -1.09708361e-01,
         1.16052754e-01,  3.23231556e-02,  1.35451004e-01,
        -1.03120662e-01, -8.80534798e-02],
       [ 1.15426175e-01,  3.44350301e-02,  8.15483406e-02,
         1.39155135e-01, -7.00267181e-02,  7.54757300e-02,
         1.25682771e-01,  1.50139913e-01],
       [ 1.44976512e-01,  5.45394490e-04,  3.09184454e-02,
        -3.80956605e-02,  1.14989460e-01, -7.76551589e-02,
         1.20594554e-01, -1.01599097e-01],
       [ 9.43682045e-02,  6.05869181e-02, -1.41747311e-01,
        -1.35432169e-01, -9.97838005e-02,  1.70487165e-01,
         2.57441282e-01,  2.38236412e-02],
       [ 1.46235805e-02, -4.68440056e-02,  1.00119300e-01,
         7.55926073e-02, -1.62125751e-01, -8.79053622e-02,
        -6.98931292e-02, -1.01355843e-01],
       [ 3.49533148e-02,  4.20986824e-02, -1.87327400e-01,
        -9.23773572e-02,  2.20495522e-01,  8.31613615e-02,
        -3.03329364e-03,  4.96358462e-02],
       [ 5.58726713e-02, -1.88590381e-02, -2.71766372e-02,
        -6.75546564e-03,  2.13698223e-02,  2.86420267e-02,
        -1.09905586e-01, -4.52928394e-02],
       [-2.36654412e-02, -4.91032079e-02,  1.77128464e-01,
         1.47280082e-01,  4.69996631e-02, -2.59029288e-02,
        -8.64493027e-02,  9.87772718e-02],
       [ 1.22412793e-01,  7.87946358e-02,  3.28807458e-02,
        -1.88815594e-02,  9.27323997e-02,  1.08416237e-01,
         8.47512335e-02,  6.93612918e-02],
       [ 3.20341135e-03, -1.38184309e-01,  5.17690368e-02,
        -1.16898097e-01, -2.06340663e-02,  8.12058430e-03,
         4.16584909e-02,  9.07844082e-02],
       [-1.16750211e-01, -1.05163455e-01, -1.68777406e-01,
         2.34539788e-02, -1.83931459e-02, -1.22955948e-01,
        -5.91328777e-02, -8.88336599e-02],
       [ 2.11112037e-01, -2.00877301e-02, -1.64495215e-01,
         2.90360283e-02,  4.64587472e-02, -1.52092176e-02,
         2.61538979e-02,  1.25648275e-01],
       [-6.66047633e-03,  4.88620773e-02,  3.12083274e-01,
         6.72242343e-02,  1.84431806e-01, -1.02187477e-01,
         5.89513816e-02, -2.56580897e-02],
       [-6.81099296e-02, -1.56827509e-01,  1.09088995e-01,
        -1.31408229e-01,  1.53315693e-01,  8.68918002e-02,
         3.98704439e-01, -3.46105173e-02],
       [ 1.40515491e-01,  7.16222227e-02, -1.48684159e-01,
        -1.12158552e-01, -4.18883422e-03,  7.63079226e-02,
         1.08322322e-01, -9.72565711e-02],
       [ 9.01998132e-02,  7.01680481e-02,  1.11966647e-01,
         7.77454376e-02,  2.03879904e-02, -2.86612734e-02,
        -1.01070471e-01, -1.67735398e-01],
       [-9.16212574e-02,  1.37084350e-01, -3.09574399e-02,
        -9.49831903e-02,  5.17891943e-02,  1.06372349e-01,
         8.23266804e-02,  3.72325769e-04],
       [-1.69410065e-01,  3.66248526e-02, -4.33667675e-02,
        -7.64983147e-02,  4.23690751e-02,  1.47981793e-01,
        -7.31743649e-02,  6.81485534e-02],
       [ 1.15007818e-01,  1.17014572e-02,  8.28319117e-02,
        -1.03094697e-01,  2.95914352e-01,  4.33629602e-02,
         3.11059743e-01, -3.48000199e-01],
       [ 6.08702339e-02, -4.47510742e-02,  2.00172916e-01,
         4.83719260e-02, -1.03422485e-01, -1.74372680e-02,
         1.55588582e-01, -3.61103639e-02],
       [ 2.40633070e-01,  2.84688175e-01, -4.61131148e-02,
        -3.67311031e-01, -2.20516846e-01, -1.74114659e-01,
        -3.48755457e-02,  4.43107814e-01],
       [ 2.54601330e-01,  5.49142733e-02, -4.77104001e-02,
        -1.41216442e-02,  5.27926087e-02, -1.93853136e-02,
         1.80744663e-01, -1.28043607e-01],
       [ 1.53481349e-01,  6.81917230e-03, -9.05762538e-02,
         7.81656429e-02, -3.79221141e-02, -8.07523280e-02,
         1.05839632e-01,  6.89919712e-03],
       [ 2.09114552e-01, -8.90244767e-02, -8.93610045e-02,
        -8.55211914e-03, -3.64418626e-02,  3.35412174e-02,
         1.55191859e-02, -1.88397651e-03],
       [ 1.03282407e-01, -1.11603595e-01,  2.24789992e-01,
        -1.50037527e-01, -2.21910760e-01,  8.06613639e-02,
         9.12621096e-02,  5.45664057e-02],
       [ 5.34071252e-02, -1.57981843e-01, -1.01034105e-01,
        -1.37815416e-01, -6.19514808e-02, -7.64040500e-02,
         1.12521961e-01,  6.27326667e-02],
       [-3.97855081e-02,  5.66194542e-02,  2.19735295e-01,
        -4.38419059e-02,  2.21132055e-01,  2.42977403e-02,
         1.58031240e-01,  4.97947484e-02],
       [ 2.49562070e-01,  4.31129038e-01,  2.66641565e-02,
        -2.36583292e-01, -7.61422738e-02, -4.14520830e-01,
         1.34806624e-02,  2.78378129e-01]], dtype=float32)><tf.Variable 'dense/bias:0' shape=(8,) dtype=float32, numpy=
array([-0.00775533,  0.00906989, -0.01951646,  0.02564315,  0.00533967,
        0.00038587,  0.00075566, -0.00937004], dtype=float32)>

Layer 2

Layer 3<tf.Variable 'dense_1/kernel:0' shape=(8, 32) dtype=float32, numpy=
array([[-1.96652383e-01, -7.59627223e-02, -1.62147388e-01,
        -1.00643374e-01,  2.22749487e-01, -3.72227907e-01,
        -2.95889284e-02, -2.12533683e-01, -2.50351280e-01,
        -1.04298614e-01,  1.67933717e-01, -3.46196562e-01,
        -4.10151929e-02, -2.88885206e-01, -3.36173747e-04,
         2.31928065e-01, -3.35276157e-01,  1.90290719e-01,
         1.70487374e-01, -3.69021446e-01, -2.97788471e-01,
         2.53174096e-01, -1.36540353e-01,  1.01026028e-01,
         1.92618936e-01, -2.88800359e-01,  1.17038995e-01,
        -2.52568036e-01,  2.24094793e-01,  2.44721636e-01,
         7.58450329e-02, -1.21134035e-01],
       [ 4.71307188e-02, -3.78969759e-01,  1.03087902e-01,
        -2.68204600e-01,  1.99569836e-01, -4.91493270e-02,
         1.69237837e-01, -3.71311575e-01, -2.82580376e-01,
         2.21737117e-01,  3.09362471e-01, -2.66435802e-01,
         2.93624282e-01, -3.77152562e-01, -2.64431953e-01,
        -8.89952481e-02, -2.57625580e-01, -3.22602183e-01,
         1.34084806e-01,  4.55690362e-02, -2.50257608e-02,
         3.67527664e-01,  1.04830200e-02,  1.89392164e-01,
        -2.49998108e-01,  1.98529795e-01, -4.29062285e-02,
        -2.91638315e-01, -1.94968745e-01, -2.44338319e-01,
         2.65735537e-01,  2.65655726e-01],
       [ 3.22814047e-01,  5.45991538e-03, -6.18654629e-03,
         5.85260354e-02,  9.11811590e-02, -2.60167986e-01,
        -2.30675146e-01,  2.68359333e-01, -2.21130848e-02,
        -1.72642753e-01, -2.72983313e-01, -3.82561505e-01,
         1.72034308e-01, -1.87998906e-01, -9.13285017e-02,
         5.61865941e-02, -5.55197289e-03, -1.90780461e-01,
        -1.34691417e-01, -9.52234566e-02,  1.25744924e-01,
         2.18162775e-01, -2.35889316e-01, -8.76836777e-02,
        -1.63053364e-01, -2.09148198e-01,  4.29063201e-01,
        -1.16462581e-01,  1.82250533e-02, -2.38699585e-01,
         2.42371768e-01,  2.39522792e-02],
       [-6.46067336e-02, -1.54750615e-01,  9.41168368e-02,
         2.31942832e-01, -8.99979845e-02,  2.22685263e-02,
         1.49379164e-01, -3.37161303e-01,  3.49448115e-01,
         3.17137450e-01, -3.38618457e-01,  8.14983062e-03,
        -3.79339218e-01,  2.16905475e-01, -4.02319320e-02,
         9.19832960e-02, -5.70118278e-02, -1.70023486e-01,
        -1.97327971e-01, -2.49183863e-01,  1.50716156e-01,
        -2.17897758e-01, -1.31030172e-01, -7.40777552e-02,
         2.66137689e-01,  6.16289712e-02, -3.23135406e-01,
         3.31395328e-01,  2.16970548e-01, -1.90020561e-01,
        -2.86085337e-01, -5.81044368e-02],
       [ 8.85111243e-02,  1.75646439e-01, -2.61176378e-01,
         3.16359550e-01, -5.41543849e-02, -2.46813044e-01,
         7.50056934e-03,  3.27132702e-01, -2.13350862e-01,
         6.87036067e-02, -1.97832122e-01, -5.36622442e-02,
         2.45653670e-02,  1.57303676e-01, -8.94760862e-02,
        -1.72346428e-01, -3.49459589e-01,  3.62541884e-01,
         1.40615761e-01, -1.44261330e-01, -1.80741891e-01,
         1.57078102e-01, -3.59615922e-01,  2.84350097e-01,
        -2.38116890e-01, -4.03361991e-02,  4.07589108e-01,
         7.42843840e-04,  1.93784997e-01, -1.25405222e-01,
         3.62195402e-01,  2.56684542e-01],
       [ 1.48152575e-01, -2.21271515e-01,  2.76515305e-01,
         1.00173853e-01,  3.10531631e-02,  1.54356360e-01,
        -2.33876616e-01,  2.87568837e-01, -3.20356786e-01,
        -3.46055105e-02,  2.51314759e-01, -8.00763071e-02,
        -1.87105998e-01,  8.09423923e-02, -4.11334395e-01,
         1.86698675e-01,  1.42322540e-01,  3.19271982e-02,
         1.97148353e-01,  1.79537907e-01, -3.51477474e-01,
         1.39691025e-01,  3.76155339e-02,  2.76422501e-01,
         3.89193594e-01,  1.52756199e-01, -5.82997091e-02,
        -4.16798085e-01, -9.40475240e-02, -5.76856323e-02,
         3.51763546e-01, -3.66003476e-02],
       [ 3.94035727e-01,  2.09670946e-01,  2.05417350e-01,
        -6.86164200e-02, -2.55621616e-02,  8.50306917e-03,
        -3.74120951e-01, -2.35366039e-02,  1.55933395e-01,
        -3.26815695e-02, -1.14003263e-01,  2.58302063e-01,
         2.25452781e-01,  1.69751853e-01,  2.09342957e-01,
         2.98127919e-01,  1.06142260e-01,  1.49254147e-02,
         2.54384637e-01, -1.67732701e-01, -1.25599995e-01,
         2.16945887e-01, -3.17623228e-01,  2.68998384e-01,
         3.17438453e-01,  1.60372645e-01,  3.29288065e-01,
         1.71771258e-01, -3.60118866e-01, -1.37625769e-01,
         8.85846764e-02, -1.36570916e-01],
       [-1.56638429e-01, -2.89652288e-01,  1.25116453e-01,
        -3.55446562e-02,  1.03369197e-02,  5.69286011e-03,
         1.73223332e-01,  1.93810895e-01, -2.46953160e-01,
        -1.73158407e-01,  3.55429322e-01, -4.74613048e-02,
        -1.52772799e-01, -1.86540261e-01,  8.45379084e-02,
        -1.60503894e-01,  2.30085731e-01, -8.61863866e-02,
        -4.21057314e-01, -3.38515878e-01, -1.38675675e-01,
        -3.11976433e-01,  2.19028845e-01, -9.93236434e-03,
         1.48499012e-01,  2.23881051e-01, -3.06581914e-01,
         1.71096116e-01, -6.98732808e-02,  3.00950706e-01,
         1.77949712e-01,  9.01525691e-02]], dtype=float32)><tf.Variable 'dense_1/bias:0' shape=(32,) dtype=float32, numpy=
array([ 0.03255775,  0.02517531, -0.00237463,  0.00330497, -0.00565253,
        0.00979935, -0.01012166,  0.03031083,  0.01649802,  0.03206807,
        0.02928145, -0.00327338,  0.03276312, -0.03230624,  0.01630679,
        0.08041129, -0.01901387,  0.0385778 ,  0.00700008, -0.00344054,
       -0.08967126,  0.02423652, -0.0212012 , -0.03318163,  0.00858555,
        0.05467707, -0.04739448, -0.01191464, -0.00153738, -0.02169389,
        0.01487395, -0.00878025], dtype=float32)>

Layer 4

Layer 5<tf.Variable 'dense_2/kernel:0' shape=(32, 16) dtype=float32, numpy=
array([[-0.19416793,  0.25555098,  0.30233136, -0.35757717,  0.06419628,
        -0.12911296, -0.01806324, -0.37584388,  0.32549196, -0.24553688,
         0.3594715 , -0.08998445,  0.01969318,  0.17328776,  0.10469709,
         0.1482505 ],
       [-0.00928584,  0.19529356,  0.02410743, -0.17675564, -0.04912648,
        -0.15379417, -0.14214383, -0.35431075,  0.1425632 , -0.13750783,
        -0.11464736,  0.17232324,  0.0654685 ,  0.2795858 , -0.0231612 ,
         0.08284596],
       [-0.08163244,  0.3061784 ,  0.23884377,  0.10966699, -0.19287358,
        -0.1490904 , -0.09813479,  0.13635999,  0.2973992 , -0.25688398,
        -0.16803254, -0.19736744,  0.2981723 , -0.02493865, -0.20802327,
        -0.21527639],
       [-0.29797292,  0.11256522,  0.14405368, -0.02123968,  0.19496712,
         0.14929685,  0.22251521,  0.21458256, -0.05630853, -0.13860293,
         0.1950804 ,  0.3420667 , -0.19368392, -0.3325883 ,  0.2495717 ,
        -0.20079508],
       [ 0.00737337, -0.04106703, -0.04962922, -0.20837405,  0.05212843,
         0.2086914 ,  0.0358647 , -0.03402437, -0.06222671,  0.16719146,
         0.18565151,  0.09491227,  0.16543797,  0.21340905, -0.27461812,
         0.27183473],
       [ 0.20003587, -0.0466749 ,  0.21627985, -0.07459053,  0.13475434,
        -0.3108177 ,  0.35829175,  0.10868161,  0.05500273,  0.10142928,
        -0.4068565 ,  0.24467652,  0.2684034 ,  0.16861293,  0.15809268,
         0.01532027],
       [ 0.05483765, -0.31642464,  0.06159838, -0.3355796 , -0.13883509,
        -0.09822855,  0.31877372,  0.23615722,  0.304953  , -0.34961784,
        -0.3302071 , -0.3316842 , -0.0809394 ,  0.07128958, -0.26605657,
         0.27062264],
       [-0.26397723,  0.2812838 ,  0.05170854, -0.15913099, -0.04743888,
         0.10243051, -0.18410383, -0.17129791,  0.21658745,  0.10430405,
        -0.07116536, -0.1674677 , -0.03036999, -0.21406777,  0.16031691,
        -0.05708478],
       [-0.2701035 ,  0.29163948, -0.2926595 ,  0.24086052, -0.3203983 ,
        -0.32940844, -0.04843095, -0.22850949,  0.17249234, -0.11398333,
        -0.06814861, -0.27343783, -0.22540955, -0.3138138 , -0.15819885,
        -0.08981063],
       [ 0.30010858,  0.2200536 ,  0.08936521, -0.2530877 ,  0.19604366,
         0.06231448, -0.12998483,  0.16192533, -0.19020943, -0.24070302,
         0.1778545 ,  0.07644126, -0.15781058, -0.2546302 , -0.18373129,
         0.12880142],
       [-0.14667337,  0.26684746, -0.11773961, -0.12966934,  0.02382534,
         0.0688436 ,  0.24440758,  0.05210245,  0.2539151 , -0.36416674,
         0.2341835 , -0.13111481,  0.07907343,  0.00112004, -0.11593727,
        -0.19758019],
       [ 0.3467623 ,  0.3242888 , -0.27218997, -0.07383392,  0.32359564,
        -0.36993152, -0.03577947,  0.32472876,  0.03139741,  0.12521456,
         0.25783053,  0.13968408, -0.1183388 ,  0.2310419 ,  0.34208775,
        -0.24194771],
       [ 0.10090769,  0.33210358, -0.17262909, -0.21296029,  0.10620264,
        -0.10731142,  0.30308875, -0.11688486, -0.11648064,  0.14567196,
        -0.0542516 , -0.14396833, -0.25608456, -0.09957796,  0.15527728,
         0.2643087 ],
       [ 0.1631532 ,  0.10187204, -0.00967126,  0.2973682 ,  0.0892712 ,
         0.22772229,  0.03483996,  0.34639385, -0.17925161,  0.02653774,
        -0.00775462,  0.1989433 ,  0.15317655,  0.06880756, -0.15330611,
        -0.14302248],
       [ 0.30946884, -0.02924829,  0.06179855, -0.00474607,  0.10473927,
         0.20555966,  0.01475483, -0.13067135, -0.23097837, -0.25242627,
         0.19612646,  0.20966202,  0.05377495,  0.3100297 , -0.23103279,
         0.30885684],
       [-0.09819131, -0.12071551, -0.00381804, -0.22960778,  0.2929323 ,
        -0.18740544,  0.31764293, -0.1423463 , -0.07101779, -0.3519741 ,
         0.29249498,  0.14238715, -0.07794337,  0.18858218, -0.06379548,
        -0.20033868],
       [ 0.02939786, -0.19827302,  0.04477515,  0.03787027,  0.06228226,
        -0.12226252, -0.09886825,  0.363796  ,  0.2052438 ,  0.22566599,
         0.20597883,  0.32855085,  0.31984743, -0.06648787, -0.26953122,
         0.02122169],
       [-0.28664485,  0.32640073, -0.20519987, -0.19606173, -0.00433319,
        -0.02487266,  0.02679938,  0.005885  ,  0.3097093 , -0.00163651,
         0.21965544,  0.10524341, -0.00457786, -0.18656386,  0.1703648 ,
         0.0801724 ],
       [ 0.08604933,  0.18193445,  0.04960987,  0.18589738, -0.1411637 ,
         0.07118161, -0.14729722, -0.1900665 ,  0.1695744 ,  0.23674141,
        -0.16498742,  0.11340261, -0.3485353 , -0.07942577, -0.35543713,
         0.10553494],
       [ 0.01652961,  0.06761207, -0.10106236, -0.14828847,  0.14227659,
        -0.08151136, -0.27272466, -0.0300499 ,  0.0071271 , -0.3253602 ,
        -0.3445429 ,  0.20819558, -0.00795713,  0.24542536, -0.07786226,
        -0.23938061],
       [-0.16420242, -0.3458433 ,  0.23271875,  0.31156597,  0.23627086,
         0.01319386, -0.23397797,  0.20936431,  0.00564049,  0.23139678,
        -0.12889943, -0.10545317,  0.04073196, -0.0824944 , -0.05186237,
        -0.17752941],
       [ 0.25780192,  0.17178407, -0.23287162, -0.2003357 , -0.15669669,
         0.25685823,  0.3219119 , -0.2749268 ,  0.2310255 ,  0.16758402,
        -0.2639845 , -0.12933932, -0.24628182, -0.22150245,  0.1961005 ,
        -0.19845025],
       [ 0.16191015, -0.06203971, -0.0056826 ,  0.2700603 , -0.22470905,
         0.35544792,  0.3487777 ,  0.03707289, -0.24230365,  0.07550193,
         0.15968809, -0.29396608, -0.21749945, -0.3241392 ,  0.3588697 ,
         0.0699443 ],
       [ 0.19094045, -0.31410512, -0.05931897,  0.2289651 , -0.20899929,
         0.07332912, -0.19911057, -0.07451202,  0.31086165, -0.34730244,
         0.31789187,  0.26480445,  0.13064177, -0.03418785, -0.01273743,
        -0.03094889],
       [ 0.19189255,  0.29411742,  0.07684419,  0.19691789,  0.0655934 ,
        -0.22788487,  0.32793206, -0.02166695, -0.20619781,  0.19912511,
        -0.15697157,  0.26098704,  0.07671455, -0.26330686,  0.17284144,
         0.16337042],
       [ 0.15928921, -0.02430072,  0.00741032, -0.14528807,  0.18956122,
        -0.12967958,  0.32973507, -0.28144366,  0.06523433,  0.17652008,
         0.13656779, -0.12802193, -0.01345292,  0.00466655,  0.17546675,
        -0.08790083],
       [-0.11608682,  0.38056228, -0.157185  ,  0.26664162, -0.21939988,
         0.19828467, -0.06797706, -0.13231206, -0.07532566, -0.28639036,
         0.17724828,  0.03711759,  0.10187344, -0.10422786, -0.25847644,
         0.3081651 ],
       [ 0.16495857, -0.08999849, -0.07373723,  0.27444056, -0.14325619,
        -0.06816053, -0.10862453, -0.11484145, -0.20487934, -0.03178483,
         0.10926885, -0.1464424 ,  0.23120311, -0.34317565, -0.1640207 ,
         0.11787226],
       [-0.02432555,  0.25206685,  0.31999087,  0.29086274,  0.29557955,
        -0.3317003 ,  0.25445426,  0.08374013, -0.2420966 ,  0.04884095,
        -0.19848047,  0.16898605, -0.19188964,  0.17407337,  0.07644469,
        -0.20311642],
       [ 0.19209611, -0.07026405,  0.0413274 ,  0.1777474 , -0.03771725,
        -0.0053997 , -0.25202549,  0.15707466, -0.01571024,  0.06461307,
         0.14183235, -0.10576046, -0.32403398,  0.18438932, -0.08365691,
         0.06221694],
       [ 0.3104799 ,  0.22125475, -0.32101563,  0.24621956,  0.0384774 ,
        -0.24623075, -0.04923632, -0.35440353,  0.3796376 , -0.0508387 ,
        -0.06243523, -0.135003  , -0.08314121,  0.3173909 ,  0.17229451,
        -0.27477372],
       [-0.21159682,  0.3401346 , -0.2956538 , -0.24496594, -0.25741452,
         0.00530295,  0.2811126 ,  0.14990053,  0.1760888 , -0.22207129,
         0.2054602 , -0.10998646,  0.13093713, -0.03724033,  0.22826049,
        -0.18480243]], dtype=float32)><tf.Variable 'dense_2/bias:0' shape=(16,) dtype=float32, numpy=
array([-0.00453949,  0.0132464 ,  0.01574378, -0.00776051,  0.01367052,
       -0.02349596, -0.00634961, -0.02702033, -0.00666026, -0.00834274,
        0.00103135,  0.00575845,  0.01284355, -0.00597223, -0.00141706,
       -0.0065697 ], dtype=float32)>

Layer 6

Layer 7<tf.Variable 'dense_3/kernel:0' shape=(16, 1) dtype=float32, numpy=
array([[ 0.11738468],
       [ 0.5240707 ],
       [ 0.28477803],
       [ 0.49539208],
       [ 0.27831092],
       [-0.14448428],
       [ 0.03911369],
       [-0.45195755],
       [-0.18388541],
       [-0.34223858],
       [-0.50382614],
       [ 0.5943399 ],
       [ 0.04519904],
       [-0.43178657],
       [ 0.51247025],
       [-0.320438  ]], dtype=float32)><tf.Variable 'dense_3/bias:0' shape=(1,) dtype=float32, numpy=array([0.00383265], dtype=float32)>

Layer 8
